## RankNet
## Epochs = 100
## No. of features = 46
## No. of hidden layers = 1
## Layer 1: 10 neurons
1 2 3 4 5 6 7 8 9 10 11 12 13 14 15 16 17 18 19 20 21 22 23 24 25 26 27 28 29 30 31 32 33 34 35 36 37 38 39 40 41 42 43 44 45 46
1
10
0 0 -0.15094119988215865 0.03915628579910797 -0.004134639868017817 0.015057830143835268 0.001273440676565125 -0.04842513255934607 -0.11242858568112908 0.044186721107474326 0.1274701724698686 0.0909354744575229
0 1 -0.08285634961458284 -0.04557731563880255 -0.13768769677413975 0.03828533404644472 -0.0404440565686499 0.08497490491427052 -0.06413380990688577 -0.04169515075003821 0.14261543893663237 5.591160793976442E-4
0 2 -0.19447851039774605 -0.10058849070737366 -0.1386316131215758 0.20357964398075765 0.08556634887868518 -0.02812766909770016 -0.057778092898817905 -0.052475304503609585 0.08575726223897678 0.05042180063172556
0 3 0.024546943524482216 -0.05855334845119394 -0.035988564640613466 0.016045713466819142 -0.010990505429331889 0.09879094212646684 -0.02442826826456395 -0.025747786303435133 -0.004905718401618999 -0.06700815761039383
0 4 -0.07077260724727497 0.048722215900701686 -0.1188641360101346 0.11997934395580259 -0.046676705881019236 0.06427891089405022 -0.0692746542398226 -0.05995780503834797 -0.011372668506447066 -0.04825972113377
0 5 1.1745691153919324E-4 0.08705030381679535 0.05016924813389778 8.629203075543046E-4 -0.002416574861854315 -0.09410198777914047 0.03933882713317871 8.819699287414551E-4 -0.04909884184598923 0.06834299862384796
0 6 -0.05422116070985794 -0.07942752540111542 0.09862230718135834 0.055455852299928665 0.04544838145375252 0.0822722315788269 -0.08773495256900787 -0.07954128831624985 -0.001081830239854753 -0.06163933873176575
0 7 0.09391363710165024 -0.03662218526005745 0.07837038487195969 -0.005884361453354359 0.08064727485179901 -0.06809334456920624 0.09120000898838043 0.08633721619844437 0.07548187673091888 -0.04452792555093765
0 8 0.09792756289243698 0.028131622821092606 0.07420209795236588 0.003239494515582919 -0.04806137830018997 -0.007649421691894531 0.0736059620976448 0.08661212772130966 0.07564558833837509 -0.015633046627044678
0 9 -0.01003638468682766 -0.02244904637336731 0.07222495973110199 0.0020703435875475407 0.02116534113883972 -0.0724538117647171 0.03291117399930954 0.03663162142038345 0.054483313113451004 0.050446152687072754
0 10 -0.047552048392571634 -0.120066788060132 -0.09718424579814387 -0.025610688955538884 -0.08614395181744593 -0.006879100389534226 -0.04895637188353149 -0.003170982220745635 -0.0423221400757392 -0.04931665862858005
0 11 -0.1282905310929623 -0.02245695327865962 -0.15607867969869746 0.1340137561738436 -0.04147285012640713 0.042693973625885596 -0.16559342168050176 0.07030902447465039 -0.03664535185536016 0.061741961259275384
0 12 -0.22855980672458392 -0.022831004993266017 -0.14016933765573514 0.14285998630023575 0.01266947933603276 -0.0030397073697635314 -0.10111194377024457 -0.057781032829118784 0.09061769487819965 0.14023197351957292
0 13 -0.035558723188905 0.02845006435688231 0.048921358432282194 0.11466478454718472 -0.06141091915377771 0.09586855730446069 -0.09660684456268306 -0.09141022396355424 0.0476973469625695 0.10882643588368703
0 14 -0.12200106767171766 -0.06493647170071207 -0.17166496072990042 0.008915169534275706 0.09597997572850467 0.0810048512755599 -0.1137255263868609 0.05815876501465742 0.06023673339395475 0.03268045595139654
0 15 -0.001985304590963631 -0.047598822972228304 -0.10277093753636377 -0.03528598694709705 -0.004424403874804986 -0.050461162855363194 -8.069266988333274E-4 0.05565107835431233 0.051237143439175035 0.0013579081635138718
0 16 -0.06650203750468438 -0.006143438232691624 0.015489118121099061 -0.019657979377450282 0.07884713326544479 -0.04712678998719968 0.029053024293543374 -0.07462867567623771 0.09847108112653162 0.008109686825791195
0 17 0.08542393930480965 0.010785472035430997 -0.05215405649537644 0.040201883399309045 0.057867814786362305 -0.06946537104790793 0.08415556299791907 -0.025476594133056304 -0.018628463994461164 0.06675360124420386
0 18 0.13793888115974862 0.015060198094602737 0.195817104003085 -0.07597824405609103 -0.016036122942564707 0.022374368779645055 0.15941604258730938 0.042673083099603326 -0.12330145825058351 -0.03043669339753785
0 19 -0.12059330809474171 -0.1070629481496936 -0.06380130964820083 -0.02540703532967023 0.024310903778390396 -0.07983545476901023 0.049993061131600805 0.06107179242023951 -0.021800128363223068 -0.06745071203876313
0 20 -0.43053454016306353 -0.2993571003392127 -0.3117372625404027 0.20480798990627938 0.010860435634454072 0.14857534687696872 -0.19123289539824248 -0.003785694337732791 0.19168767991802665 0.1448804831638166
0 21 -0.5478900164561872 -0.14118926430731465 -0.3954871957332587 0.36541203136128214 -0.09197879722496667 0.2349527781039396 -0.3457793730096245 -0.012987531164472757 0.10682946876854951 0.13330475572929962
0 22 -0.520903395706393 -0.3351253728965822 -0.5743268489789538 0.470346420965033 -0.03700306393131991 0.28435416839896155 -0.339188073206341 -0.023634988831145152 0.2723817742021549 0.057527902443370256
0 23 -0.45016100824837585 -0.3050708950226118 -0.491995482650723 0.2519556661720077 -0.004360737485428117 0.21211573166626113 -0.31721004815252063 0.023310205848629043 0.2048700003053421 0.1819963136311828
0 24 -0.22989838639010743 -0.015575367613680351 -0.0891648677347084 0.15677913325302165 0.013810864444051397 0.09358662351466646 -0.059768124806221276 -0.07480643503396686 0.116958555394527 0.046054623756872436
0 25 -0.10147348578848178 -0.07878211105301204 -0.22032288322018762 0.14314021422425172 0.03661938750471305 0.13938494137911933 -0.012487574745942047 -0.08496552146242332 0.06220253545273905 -0.044812120641249516
0 26 -0.26972659002561916 -0.0037767529134215385 -0.2098812154906476 0.20165325503218184 0.07321031231754768 0.0072823605700757035 -0.13358472757949966 -0.05471251780014912 0.0016841003171891179 0.13748534626819783
0 27 -0.24672617507048386 -0.19338624577981262 -0.2534590103928369 0.11457097442258149 -0.10551298418294873 0.05686747152991217 -0.10887782221819627 -0.08810621159713146 -0.0032865666332499125 -0.02667520320265096
0 28 -0.26492827294310833 -0.014001059243010918 -0.0976518297412026 0.07601915878121092 0.001997828351483846 0.15547712655970203 -0.19541231254342056 -0.028331607024386782 0.009580374033663089 -0.00913239689814716
0 29 -0.2689120316081659 -0.14273923861148308 -0.23546419964081175 0.19345768242340486 -0.08236543024584649 0.13092819165139086 -0.052623474553316396 -0.0036886266909109742 0.1877954290264883 0.12843242165385263
0 30 -0.27874951012984744 -0.05940339826751103 -0.3025788820508795 0.26021649072798864 -0.005165483719928995 0.09517573803610038 -0.20309670509301478 -0.07859930317476566 0.12280482333289709 0.1563465891985913
0 31 -0.22185580619463002 -0.06010933653545682 -0.27428663934363884 0.20389585313463066 -0.1063579765693525 0.14347515515497852 -0.0704911755871448 -0.059658999086061835 -0.006171024091490455 0.08735001013283576
0 32 0.021210036067281154 -0.10891389524720113 0.019829023674000093 0.10325941519995013 0.04359991606501491 0.02520997729772681 -0.039667692029681886 -0.0935335217752271 0.10381045954224222 0.09364669581225753
0 33 -0.14413361754247025 -0.06386960422457587 0.0031615663738912836 0.09379542594849254 -0.011419691829757413 -0.048555734645156924 0.016310745673307158 0.04179038491639112 0.08561688085751624 0.07374889986403693
0 34 -0.1558812736038778 -0.04102849774461327 -0.18109298873871468 0.07264010738145768 0.04157605363891458 0.033687472725839857 -0.12118160622988938 -0.004359452619923216 -0.026366517232603793 -0.0032391132092632704
0 35 -0.05286816714822361 0.005946940094099107 -0.0652678850309585 0.07722168702503744 -0.05382847652416205 0.07794468110554396 0.005227674706133468 0.05315783067500449 -0.014003459578527768 0.0049928812167638606
0 36 -0.5527407053301321 -0.1722154160270243 -0.40514206811399095 0.3599486852806847 0.0662023959073776 0.1777274941028986 -0.193724489983039 -0.09507004736895129 0.1591573622389824 0.057914124492755646
0 37 -0.4444366785816069 -0.24493226161439383 -0.44999898292323637 0.2680174887118026 0.03133936802621838 0.06347341069334704 -0.23680921340461675 0.05645192169045541 0.11627560408452464 0.1572628285930052
0 38 -0.5951094332879568 -0.35539198301898967 -0.4432568218577599 0.40426674390522294 -7.991656495313112E-4 0.22287581038998422 -0.36446765258963604 0.07447924201810006 0.24548135578153676 0.1985955895955375
0 39 -0.59499863987408 -0.22890096265083182 -0.526786987808619 0.426439324482562 -0.07019731286583475 0.23767160490081188 -0.33215315213655516 -0.01921524342726084 0.175593367971975 0.05535803902929701
0 40 0.2041252534029304 0.10316328876499321 0.1517854349892877 -0.167065077388111 0.03043468498859193 0.04721444851274559 2.1216230379307471E-4 -0.023683561952966076 -0.046316795411649465 -0.07933834810870813
0 41 0.034879109815483526 -0.013918025732120093 0.10296046572186601 -0.06138443459855637 0.030151626779033415 -0.09967309055317902 0.03569521672474169 0.09958388361211881 -0.15927118258569267 -0.057616955001277684
0 42 -0.08870010077953339 0.01647995039820671 -0.0061341761611402035 -0.004200965166091919 0.08201443403959274 -0.008455204777419567 -0.018230969086289406 -0.08697348833084106 0.09285514056682587 0.09645447134971619
0 43 -0.019084255561471645 -0.061397139082304285 0.07450822954344474 0.013522504656967003 0.05462322625019201 0.03492420814206836 0.04205116689582707 -0.03853988831388181 0.038914875329803554 0.047677388503205104
0 44 0.04746194546731351 0.06137424313270495 0.010383291549894383 -0.008130887659991403 -0.0059728705379135435 -0.07244206045473747 -0.06098614835018375 0.06894058832335173 -0.015311201894657487 0.005103365374024538
0 45 0.0298304315470555 -0.020682379234845092 0.021811518428331893 -0.09058912788836417 0.06425853428835258 -0.06421400285907447 -0.018477267370598044 0.043261874838580246 0.07196801341523364 0.08210386748955428
0 46 0.04698098477842177 -0.02937854303536769 0.007459826439197413 -0.061052783749127426 0.05661990531449863 0.04047016674919459 0.08098057830633511 0.04412465052585996 0.00942208433348509 -0.009671165287003304 -0.27116025671078564
1 0 -1.2813640035604341
1 1 -0.7503685160178754
1 2 -1.1813714631839316
1 3 0.9817857057401053
1 4 -0.12015462100080634
1 5 0.5459338518410103
1 6 -0.8788341576564416
1 7 -0.13424029349891078
1 8 0.5554729149705847
1 9 0.37398806615461583
