## ListNet
## Epochs = 1500
## No. of features = 46
1 2 3 4 5 6 7 8 9 10 11 12 13 14 15 16 17 18 19 20 21 22 23 24 25 26 27 28 29 30 31 32 33 34 35 36 37 38 39 40 41 42 43 44 45 46
0
0 0 -0.04438804234634605
0 1 0.02899346911786603
0 2 0.10762562653035534
0 3 0.04499414677222795
0 4 0.04190139653165718
0 5 0.0732540711760521
0 6 0.06086363270878792
0 7 0.05058225989341736
0 8 0.08176445960998535
0 9 0.04012610390782356
0 10 0.05711067279336204
0 11 0.1467098140160145
0 12 0.1417438659915873
0 13 0.04682786325699847
0 14 0.10931060425234342
0 15 0.06553298582289255
0 16 -0.01789970514580875
0 17 -0.07415641858052573
0 18 -0.019680518338494383
0 19 0.08705726089314901
0 20 0.1393769918621551
0 21 0.23414653409559677
0 22 0.096345522861206
0 23 0.23312559798953789
0 24 0.05233941735015789
0 25 0.07868749263858256
0 26 0.1383517886102671
0 27 0.13535866293854312
0 28 -0.0290132041202021
0 29 0.06499874317011427
0 30 0.04922481500126334
0 31 0.12117066315077779
0 32 0.03517580138665537
0 33 0.06599689130276835
0 34 -0.08168306833881303
0 35 -0.030218884473435934
0 36 0.05629711223172186
0 37 0.11446551833508593
0 38 0.16911478614846195
0 39 0.12469162968425784
0 40 -0.07566873472877571
0 41 -0.11003272972179591
0 42 -0.07674194872379303
0 43 0.02960467920773539
0 44 -0.0438976887279919
0 45 -0.005719124531111333
0 46 -0.08706134557723999
